description="Mo   W  S  
"  
#******** REAL SPACE GRID ********   
wavefunction_grid="104 104 152"  
potential_grid_refinement="2"  
  
#******* CONTROL OPTIONS *******  
start_mode          ="LCAO Start"  
calculation_mode    ="Quench Electrons  "  
kohn_sham_solver    ="davidson"  
subdiag_driver      ="auto"  
#auto: if cuda available, use cusolver, otherwise use lapack for n<128 and scaplack for large system  
tddft_mode = "EH pair"
tddft_ehpair = "0 0 0 "
processor_grid = "2 4 4 "
#tddft_noscf = "true"

#tddft_tiledMM = "true"
tddft_steps = "10"
#tddft_energy = "true"
max_md_steps = "1000"
#calculation_mode="TDDFT"
calculation_mode="TDDFT CVE"
#tddft_predictor = "true"
#calculation_mode="Constant Volume And Energy"
ionic_time_step = "2.0"
#md_randomize_velocity="false"
#tddft_noscf = "true"
#tddft_tiledMM = "true"
#tddft_floatprecision = "true"
#scalapack_block_factor = "32"

#electric_field_tddft = "0.001 0 0 "
electric_field_tddft = "0.0 0 0 "
tddft_time_step = "0.2"



#unoccupied_states_per_kpoint = "79"

  
#********* K POINT SETUP *********  
kpoint_mesh = "1 1 1"  
kpoint_is_shift = "0 0 0"  
  
#******* Pseudopotentials *******   
#internal_pseudo_type = "sg15"  
#use Optimized Norm-Conserving Vanderbilt (ONCV) pseudopotenitals  
#those pseudopotentials are built in with RMG  
write_pseudopotential_plots ="False"  
  
#*****Exchange Correlation ******  
exchange_correlation_type="LDA"  
#AUTO_XC: XC will be determined from pseudopotential  
  
#****  LATTICE and ATOMS  ****   
bravais_lattice_type="None"  
crds_units = "Angstrom"  
lattice_units = "Angstrom"  
lattice_vector="  
 1.420650000000e+01  -8.202126599000e+00  0.000000000000e+00   
 0.000000000000e+00  1.640425319800e+01  0.000000000000e+00   
 0.000000000000e+00  0.000000000000e+00  2.400000000000e+01   
"  
atomic_coordinate_type = "Cell Relative"  
atoms="  
Mo  -3.564726000000e-03 1.042109020000e-01 3.742015630000e-01  1 1 1   0.00   0.00   0.00  
Mo  2.149936470000e-01 2.161704190000e-01 3.748859860000e-01  1 1 1   0.00   0.00   0.00  
Mo  1.028041590000e-01 -4.480986000000e-03 3.735986880000e-01  1 1 1   0.00   0.00   0.00  
Mo  -6.738970000000e-04 4.390367520000e-01 3.769249940000e-01  1 1 1   0.00   0.00   0.00  
Mo  2.233634590000e-01 5.551789990000e-01 3.733604260000e-01  1 1 1   0.00   0.00   0.00  
Mo  1.102849260000e-01 3.326222040000e-01 3.745704950000e-01  1 1 1   0.00   0.00   0.00  
Mo  -1.771956000000e-03 7.788663600000e-01 3.731138080000e-01  1 1 1   0.00   0.00   0.00  
Mo  2.181669230000e-01 8.871452630000e-01 3.741390820000e-01  1 1 1   0.00   0.00   0.00  
Mo  1.093113290000e-01 6.649638000000e-01 3.755000440000e-01  1 1 1   0.00   0.00   0.00  
Mo  3.330614500000e-01 1.138000420000e-01 3.750543930000e-01  1 1 1   0.00   0.00   0.00  
Mo  5.591136350000e-01 2.231908580000e-01 3.711835420000e-01  1 1 1   0.00   0.00   0.00  
Mo  4.453313200000e-01 -1.436141000000e-03 3.729115990000e-01  1 1 1   0.00   0.00   0.00  
Mo  3.324496110000e-01 4.426075240000e-01 3.732087730000e-01  1 1 1   0.00   0.00   0.00  
Mo  5.543370410000e-01 5.545833650000e-01 3.739767620000e-01  1 1 1   0.00   0.00   0.00  
Mo  4.408375400000e-01 3.294452270000e-01 3.757223090000e-01  1 1 1   0.00   0.00   0.00  
Mo  3.312298370000e-01 7.770604060000e-01 3.745884440000e-01  1 1 1   0.00   0.00   0.00  
Mo  5.493718290000e-01 8.831704680000e-01 3.724142540000e-01  1 1 1   0.00   0.00   0.00  
Mo  4.407699560000e-01 6.648843570000e-01 3.741151490000e-01  1 1 1   0.00   0.00   0.00  
Mo  6.652730290000e-01 1.105294270000e-01 3.753265970000e-01  1 1 1   0.00   0.00   0.00  
Mo  8.869515300000e-01 2.217429210000e-01 3.744525150000e-01  1 1 1   0.00   0.00   0.00  
Mo  7.735969080000e-01 -8.702800000000e-05 3.757637780000e-01  1 1 1   0.00   0.00   0.00  
Mo  6.650025490000e-01 4.451200190000e-01 3.776032100000e-01  1 1 1   0.00   0.00   0.00  
Mo  8.864968690000e-01 5.505701690000e-01 3.740861750000e-01  1 1 1   0.00   0.00   0.00  
Mo  7.690073170000e-01 3.260878620000e-01 3.752614900000e-01  1 1 1   0.00   0.00   0.00  
Mo  6.646297780000e-01 7.809262200000e-01 3.757587360000e-01  1 1 1   0.00   0.00   0.00  
Mo  8.860878160000e-01 8.862713550000e-01 3.741471170000e-01  1 1 1   0.00   0.00   0.00  
Mo  7.743506660000e-01 6.688726050000e-01 3.745961020000e-01  1 1 1   0.00   0.00   0.00  
W  1.125354050000e-01 1.094068080000e-01 6.235819430000e-01  1 1 1   0.00   0.00   0.00  
W  4.916345000000e-03 2.181784600000e-01 6.226737640000e-01  1 1 1   0.00   0.00   0.00  
W  2.271499890000e-01 3.346575710000e-01 6.242773080000e-01  1 1 1   0.00   0.00   0.00  
W  1.144266910000e-01 4.433495430000e-01 6.255153670000e-01  1 1 1   0.00   0.00   0.00  
W  2.915615000000e-03 5.573943210000e-01 6.262076070000e-01  1 1 1   0.00   0.00   0.00  
W  2.196110830000e-01 6.628045450000e-01 6.233642190000e-01  1 1 1   0.00   0.00   0.00  
W  1.169894420000e-01 7.791877840000e-01 6.268859920000e-01  1 1 1   0.00   0.00   0.00  
W  8.339148000000e-03 8.879337200000e-01 6.254440590000e-01  1 1 1   0.00   0.00   0.00  
W  2.273245110000e-01 1.000469737000e+00 6.252078970000e-01  1 1 1   0.00   0.00   0.00  
W  4.460949040000e-01 1.116102610000e-01 6.256945790000e-01  1 1 1   0.00   0.00   0.00  
W  3.380322140000e-01 2.213934680000e-01 6.226578130000e-01  1 1 1   0.00   0.00   0.00  
W  5.585860440000e-01 3.300415770000e-01 6.257523390000e-01  1 1 1   0.00   0.00   0.00  
W  4.505014330000e-01 4.452717490000e-01 6.275900340000e-01  1 1 1   0.00   0.00   0.00  
W  3.400302720000e-01 5.550983380000e-01 6.282047710000e-01  1 1 1   0.00   0.00   0.00  
W  5.647088370000e-01 6.698896160000e-01 6.276697340000e-01  1 1 1   0.00   0.00   0.00  
W  4.489731890000e-01 7.815210160000e-01 6.249748090000e-01  1 1 1   0.00   0.00   0.00  
W  3.383497830000e-01 8.895573590000e-01 6.256541200000e-01  1 1 1   0.00   0.00   0.00  
W  5.602416560000e-01 1.002353884000e+00 6.250112770000e-01  1 1 1   0.00   0.00   0.00  
W  7.811357030000e-01 1.125945740000e-01 6.210537490000e-01  1 1 1   0.00   0.00   0.00  
W  6.747975330000e-01 2.255651710000e-01 6.226410860000e-01  1 1 1   0.00   0.00   0.00  
W  8.947046910000e-01 3.379744620000e-01 6.250409400000e-01  1 1 1   0.00   0.00   0.00  
W  7.792046610000e-01 4.440294660000e-01 6.273206370000e-01  1 1 1   0.00   0.00   0.00  
W  6.709561660000e-01 5.546803830000e-01 6.298079000000e-01  1 1 1   0.00   0.00   0.00  
W  8.941235590000e-01 6.686210780000e-01 6.278102210000e-01  1 1 1   0.00   0.00   0.00  
W  7.859375190000e-01 7.785020840000e-01 6.223088990000e-01  1 1 1   0.00   0.00   0.00  
W  6.700195500000e-01 8.910435560000e-01 6.227044240000e-01  1 1 1   0.00   0.00   0.00  
W  8.899903400000e-01 9.943772780000e-01 6.213385510000e-01  1 1 1   0.00   0.00   0.00  
S  1.027274680000e-01 1.033423740000e-01 4.408096740000e-01  1 1 1   0.00   0.00   0.00  
S  1.031714490000e-01 1.031590370000e-01 3.073965210000e-01  1 1 1   0.00   0.00   0.00  
S  2.016089000000e-03 1.085369690000e-01 6.898008800000e-01  1 1 1   0.00   0.00   0.00  
S  8.141307000000e-03 1.077857900000e-01 5.534146990000e-01  1 1 1   0.00   0.00   0.00  
S  3.023985000000e-03 2.192847520000e-01 4.425759530000e-01  1 1 1   0.00   0.00   0.00  
S  -2.447361000000e-03 2.231225510000e-01 3.107137390000e-01  1 1 1   0.00   0.00   0.00  
S  2.253301880000e-01 2.224586070000e-01 6.890544790000e-01  1 1 1   0.00   0.00   0.00  
S  2.267329840000e-01 2.238134080000e-01 5.571672030000e-01  1 1 1   0.00   0.00   0.00  
S  2.210871270000e-01 3.350321180000e-01 4.404094510000e-01  1 1 1   0.00   0.00   0.00  
S  2.239957270000e-01 3.339491520000e-01 3.080234360000e-01  1 1 1   0.00   0.00   0.00  
S  1.142887900000e-01 1.214135000000e-03 6.864589410000e-01  1 1 1   0.00   0.00   0.00  
S  1.164769760000e-01 1.382195000000e-03 5.568203410000e-01  1 1 1   0.00   0.00   0.00  
S  1.122865480000e-01 4.392520370000e-01 4.428449940000e-01  1 1 1   0.00   0.00   0.00  
S  1.101873740000e-01 4.440935200000e-01 3.111466930000e-01  1 1 1   0.00   0.00   0.00  
S  4.409058000000e-03 4.449714260000e-01 6.911368850000e-01  1 1 1   0.00   0.00   0.00  
S  5.541352000000e-03 4.461597290000e-01 5.589273140000e-01  1 1 1   0.00   0.00   0.00  
S  2.791340000000e-04 5.454295200000e-01 4.428575570000e-01  1 1 1   0.00   0.00   0.00  
S  1.505030000000e-04 5.498086950000e-01 3.066139440000e-01  1 1 1   0.00   0.00   0.00  
S  2.243711660000e-01 5.480923090000e-01 6.915314760000e-01  1 1 1   0.00   0.00   0.00  
S  2.278538680000e-01 5.507251080000e-01 5.604330710000e-01  1 1 1   0.00   0.00   0.00  
S  2.224435770000e-01 6.682967130000e-01 4.394065650000e-01  1 1 1   0.00   0.00   0.00  
S  2.166982820000e-01 6.628841840000e-01 3.061664990000e-01  1 1 1   0.00   0.00   0.00  
S  1.114971050000e-01 3.274050310000e-01 6.871935490000e-01  1 1 1   0.00   0.00   0.00  
S  1.148631910000e-01 3.270996360000e-01 5.569491480000e-01  1 1 1   0.00   0.00   0.00  
S  1.099409090000e-01 7.776120480000e-01 4.379463710000e-01  1 1 1   0.00   0.00   0.00  
S  1.060987020000e-01 7.750763730000e-01 3.075230130000e-01  1 1 1   0.00   0.00   0.00  
S  4.746380000000e-03 7.813573840000e-01 6.942880350000e-01  1 1 1   0.00   0.00   0.00  
S  -1.521957000000e-03 7.725272840000e-01 5.644469940000e-01  1 1 1   0.00   0.00   0.00  
S  -4.928905000000e-03 8.847724590000e-01 4.366026980000e-01  1 1 1   0.00   0.00   0.00  
S  -7.534378000000e-03 8.880716200000e-01 3.042554430000e-01  1 1 1   0.00   0.00   0.00  
S  2.287535130000e-01 8.941847630000e-01 6.950817230000e-01  1 1 1   0.00   0.00   0.00  
S  2.312750430000e-01 8.925490890000e-01 5.598384650000e-01  1 1 1   0.00   0.00   0.00  
S  2.179188380000e-01 1.000337255000e+00 4.390331550000e-01  1 1 1   0.00   0.00   0.00  
S  2.146719060000e-01 9.979657960000e-01 3.093489640000e-01  1 1 1   0.00   0.00   0.00  
S  1.113480370000e-01 6.693200090000e-01 6.942459750000e-01  1 1 1   0.00   0.00   0.00  
S  1.095052430000e-01 6.661864700000e-01 5.579349870000e-01  1 1 1   0.00   0.00   0.00  
S  4.423760900000e-01 1.094196810000e-01 4.390580450000e-01  1 1 1   0.00   0.00   0.00  
S  4.476637230000e-01 1.117167890000e-01 3.068466050000e-01  1 1 1   0.00   0.00   0.00  
S  3.477770030000e-01 1.230432840000e-01 6.939181670000e-01  1 1 1   0.00   0.00   0.00  
S  3.396669840000e-01 1.129997150000e-01 5.541362440000e-01  1 1 1   0.00   0.00   0.00  
S  3.286207380000e-01 2.237586750000e-01 4.441582160000e-01  1 1 1   0.00   0.00   0.00  
S  3.314583610000e-01 2.200696840000e-01 3.117383720000e-01  1 1 1   0.00   0.00   0.00  
S  5.603361020000e-01 2.199052470000e-01 6.922165120000e-01  1 1 1   0.00   0.00   0.00  
S  5.646659750000e-01 2.288577740000e-01 5.580205590000e-01  1 1 1   0.00   0.00   0.00  
S  5.530638730000e-01 3.279524570000e-01 4.408490220000e-01  1 1 1   0.00   0.00   0.00  
S  5.503916640000e-01 3.324690280000e-01 3.085811600000e-01  1 1 1   0.00   0.00   0.00  
S  4.445076460000e-01 -4.431417000000e-03 6.925856840000e-01  1 1 1   0.00   0.00   0.00  
S  4.430324120000e-01 -3.078874000000e-03 5.598968430000e-01  1 1 1   0.00   0.00   0.00  
S  4.453256370000e-01 4.454284300000e-01 4.394072340000e-01  1 1 1   0.00   0.00   0.00  
S  4.440115110000e-01 4.398648910000e-01 3.052420200000e-01  1 1 1   0.00   0.00   0.00  
S  3.387638800000e-01 4.465956220000e-01 6.938974070000e-01  1 1 1   0.00   0.00   0.00  
S  3.430298460000e-01 4.471016160000e-01 5.597026380000e-01  1 1 1   0.00   0.00   0.00  
S  3.339709580000e-01 5.547121000000e-01 4.357977580000e-01  1 1 1   0.00   0.00   0.00  
S  3.289203480000e-01 5.484495870000e-01 3.070797230000e-01  1 1 1   0.00   0.00   0.00  
S  5.583591250000e-01 5.539637530000e-01 6.977591160000e-01  1 1 1   0.00   0.00   0.00  
S  5.652570160000e-01 5.550997940000e-01 5.605208560000e-01  1 1 1   0.00   0.00   0.00  
S  5.516870490000e-01 6.680077610000e-01 4.411196710000e-01  1 1 1   0.00   0.00   0.00  
S  5.461202200000e-01 6.635431150000e-01 3.079895790000e-01  1 1 1   0.00   0.00   0.00  
S  4.485438530000e-01 3.311659490000e-01 6.933925530000e-01  1 1 1   0.00   0.00   0.00  
S  4.480008800000e-01 3.349943160000e-01 5.579412390000e-01  1 1 1   0.00   0.00   0.00  
S  4.394399420000e-01 7.760673840000e-01 4.407696280000e-01  1 1 1   0.00   0.00   0.00  
S  4.363453170000e-01 7.697678680000e-01 3.069076350000e-01  1 1 1   0.00   0.00   0.00  
S  3.262062620000e-01 7.743258100000e-01 6.903503360000e-01  1 1 1   0.00   0.00   0.00  
S  3.311065620000e-01 7.729367230000e-01 5.603841850000e-01  1 1 1   0.00   0.00   0.00  
S  3.296192870000e-01 8.877909070000e-01 4.406418820000e-01  1 1 1   0.00   0.00   0.00  
S  3.305583790000e-01 8.862439310000e-01 3.097279940000e-01  1 1 1   0.00   0.00   0.00  
S  5.712322980000e-01 9.013014780000e-01 6.908698050000e-01  1 1 1   0.00   0.00   0.00  
S  5.562363510000e-01 8.937528510000e-01 5.578881190000e-01  1 1 1   0.00   0.00   0.00  
S  5.490179410000e-01 9.946026140000e-01 4.396362740000e-01  1 1 1   0.00   0.00   0.00  
S  5.594319170000e-01 9.999006030000e-01 3.051209630000e-01  1 1 1   0.00   0.00   0.00  
S  4.515197940000e-01 6.680821720000e-01 6.927422280000e-01  1 1 1   0.00   0.00   0.00  
S  4.516911270000e-01 6.709403750000e-01 5.629725490000e-01  1 1 1   0.00   0.00   0.00  
S  7.750010450000e-01 1.111123310000e-01 4.395795850000e-01  1 1 1   0.00   0.00   0.00  
S  7.753594830000e-01 1.116371390000e-01 3.038376670000e-01  1 1 1   0.00   0.00   0.00  
S  6.772489650000e-01 1.176822240000e-01 6.892152670000e-01  1 1 1   0.00   0.00   0.00  
S  6.663341610000e-01 1.090344660000e-01 5.545979010000e-01  1 1 1   0.00   0.00   0.00  
S  6.675942770000e-01 2.181468580000e-01 4.421507060000e-01  1 1 1   0.00   0.00   0.00  
S  6.654426850000e-01 2.143432530000e-01 3.069609260000e-01  1 1 1   0.00   0.00   0.00  
S  9.012300380000e-01 2.242055410000e-01 6.876592900000e-01  1 1 1   0.00   0.00   0.00  
S  8.982278250000e-01 2.255569350000e-01 5.592905200000e-01  1 1 1   0.00   0.00   0.00  
S  8.878209270000e-01 3.274975300000e-01 4.419486810000e-01  1 1 1   0.00   0.00   0.00  
S  8.876624400000e-01 3.343220060000e-01 3.115498910000e-01  1 1 1   0.00   0.00   0.00  
S  7.836941850000e-01 2.894069000000e-03 6.867010040000e-01  1 1 1   0.00   0.00   0.00  
S  7.750913970000e-01 -3.819550000000e-04 5.511061470000e-01  1 1 1   0.00   0.00   0.00  
S  7.728787760000e-01 4.361190640000e-01 4.430054980000e-01  1 1 1   0.00   0.00   0.00  
S  7.693016910000e-01 4.445838240000e-01 3.107646800000e-01  1 1 1   0.00   0.00   0.00  
S  6.667184660000e-01 4.418422330000e-01 6.958141660000e-01  1 1 1   0.00   0.00   0.00  
S  6.694976620000e-01 4.481819100000e-01 5.618726020000e-01  1 1 1   0.00   0.00   0.00  
S  6.685736340000e-01 5.548517390000e-01 4.427343050000e-01  1 1 1   0.00   0.00   0.00  
S  6.641038390000e-01 5.543790310000e-01 3.112094200000e-01  1 1 1   0.00   0.00   0.00  
S  8.952754420000e-01 5.605390060000e-01 6.943133660000e-01  1 1 1   0.00   0.00   0.00  
S  8.883849410000e-01 5.602001720000e-01 5.595921910000e-01  1 1 1   0.00   0.00   0.00  
S  8.866925820000e-01 6.632320450000e-01 4.360252090000e-01  1 1 1   0.00   0.00   0.00  
S  8.901354800000e-01 6.659109440000e-01 3.098663250000e-01  1 1 1   0.00   0.00   0.00  
S  7.859366700000e-01 3.395473570000e-01 6.929899200000e-01  1 1 1   0.00   0.00   0.00  
S  7.808356400000e-01 3.411957410000e-01 5.600697910000e-01  1 1 1   0.00   0.00   0.00  
S  7.767578650000e-01 7.780420490000e-01 4.415175080000e-01  1 1 1   0.00   0.00   0.00  
S  7.758382030000e-01 7.841517910000e-01 3.101814620000e-01  1 1 1   0.00   0.00   0.00  
S  6.780333160000e-01 7.902047830000e-01 6.924481650000e-01  1 1 1   0.00   0.00   0.00  
S  6.756616440000e-01 7.792706000000e-01 5.601494260000e-01  1 1 1   0.00   0.00   0.00  
S  6.571074650000e-01 8.867562550000e-01 4.418352120000e-01  1 1 1   0.00   0.00   0.00  
S  6.614480770000e-01 8.887765640000e-01 3.054090930000e-01  1 1 1   0.00   0.00   0.00  
S  8.955637160000e-01 8.914078600000e-01 6.880390910000e-01  1 1 1   0.00   0.00   0.00  
S  8.871794530000e-01 8.764373180000e-01 5.587475610000e-01  1 1 1   0.00   0.00   0.00  
S  8.861338000000e-01 9.971114710000e-01 4.399524120000e-01  1 1 1   0.00   0.00   0.00  
S  8.857810210000e-01 1.002627722000e+00 3.097429900000e-01  1 1 1   0.00   0.00   0.00  
S  7.858668430000e-01 6.717517470000e-01 6.891269850000e-01  1 1 1   0.00   0.00   0.00  
S  7.760392750000e-01 6.593003150000e-01 5.582303210000e-01  1 1 1   0.00   0.00   0.00  
"  
